# DoY,LAI,Svh,Svv,theta
    61.00000000      0.31660194    -17.21306419     -8.00527096     33.71308517
    65.00000000      0.32374661    -17.63820076     -9.40437222     44.51913834
    66.00000000      0.32735118    -16.78447723     -9.53379726     42.86942291
    70.00000000      0.34176948    -19.41772270    -11.15765572     35.75651550
    71.00000000      0.34722319    -19.33675575    -11.27972889     44.47440338
    72.00000000      0.35267690    -17.18253136     -9.32133865     42.81221390
    73.00000000      0.35813061    -16.22412109     -9.74295235     33.73360062
    76.00000000      0.37635737    -19.49418449    -11.30049801     35.72420883
    77.00000000      0.38367670    -18.22807503    -10.72555447     44.60821533
    78.00000000      0.39099603    -16.73144150     -9.54053116     42.82337952
    82.00000000      0.42476616    -16.82360840     -9.64582062     35.82938004
    83.00000000      0.43433190    -17.24679184    -10.07754993     44.44239426
    84.00000000      0.44389763    -17.78413010    -10.92693710     42.81789017
    85.00000000      0.45346336    -18.63244057    -10.11987495     33.67243958
    88.00000000      0.49207338    -19.00276566    -12.07214546     35.77201843
    89.00000000      0.50494339    -18.83830070    -12.21448898     44.51131058
    90.00000000      0.51781339    -17.78647423    -11.63512039     42.85362244
    94.00000000      0.59250178    -17.99497414    -12.42409801     35.89595413
    95.00000000      0.61117387    -17.80812645    -11.74843121     44.51795959
    96.00000000      0.63756011    -18.47315025    -12.84997177     42.80696869
    97.00000000      0.66394635    -18.99727058    -12.73007965     33.73162842
   100.00000000      0.74310507    -19.28824806    -13.57232666     35.79293823
   101.00000000      0.77905273    -19.21627045    -13.85943222     44.43357086
   102.00000000      0.81500038    -18.90176010    -13.43226814     42.81051636
   106.00000000      0.96886011    -19.27943230    -14.56850529     35.79475784
   107.00000000      1.01487687    -18.57305336    -13.65144157     44.52127457
   108.00000000      1.06089363    -18.23574066    -13.05886936     42.87291718
   109.00000000      1.10691039    -19.40343094    -13.27080154     33.67981339
   112.00000000      1.26293381    -19.61189079    -15.00983620     35.81961060
   113.00000000      1.31793715    -19.40816689    -14.64129353     44.53851700
   114.00000000      1.37294048    -19.46993828    -14.02532196     42.81270981
   118.00000000      1.62107829    -17.81554604    -12.03981018     35.93493271
   119.00000000      1.68545645    -18.31713486    -13.52124310     44.48962021
   120.00000000      1.74983461    -19.41473579    -14.22013664     42.82182312
   121.00000000      1.82591226    -18.89830399    -13.80020714     33.69088745
   124.00000000      2.05414519    -19.39574623    -14.89681911     35.80842972
   125.00000000      2.13022284    -18.95615387    -14.54324055     44.52747345
   126.00000000      2.21103900    -19.45122528    -14.91305923     42.85167313
   130.00000000      2.53430365    -19.92849350    -15.88696480     35.93983841
   131.00000000      2.60912716    -20.13046837    -14.64055824     44.52394104
   132.00000000      2.68395068    -20.43139648    -15.81423759     42.82840729
   133.00000000      2.75877419    -20.65573502    -16.84543037     33.67026138
   136.00000000      2.96648086    -20.30093575    -15.67519855     35.87060928
   137.00000000      3.02454050    -21.42355728    -15.52428246     44.49190521
   138.00000000      3.08260015    -21.64786720    -16.94989777     42.86510849
   142.00000000      3.25896014    -22.21748161    -18.39899826     35.89684296
   143.00000000      3.28908050    -22.63858604    -16.96685600     44.56990814
   144.00000000      3.31920086    -22.79560852    -17.40255737     42.80549622
   148.00000000      3.32522860    -22.19970894    -17.19604111     35.96242905
   149.00000000      3.31719772    -22.23752594    -16.67968369     44.54158401
   150.00000000      3.30916685    -22.84053230    -17.37938309     42.86396790
   154.00000000      3.13477207    -21.78618050    -17.90944862     35.76556015
   155.00000000      3.09117337    -20.40142250    -15.36349201     44.54305649
   156.00000000      3.03327763    -20.54890060    -15.22449303     42.82412338
   160.00000000      2.80169467    -21.38305855    -16.77701759     35.84312820
   161.00000000      2.73819271    -20.98609543    -15.02415752     44.52924347
   162.00000000      2.67469076    -21.53746605    -15.59519577     42.85470581
   166.00000000      2.41874727    -21.27272034    -16.60985184     35.70735550
   167.00000000      2.35330964    -21.53270531    -14.98875427     44.53413773
   168.00000000      2.28787200    -21.41061211    -14.60388851     42.83092117
   172.00000000      2.03656242    -20.23047829    -15.04143620     35.93642426
   173.00000000      1.97634527    -19.06215477    -12.54182720     44.52093506
   174.00000000      1.91612812    -18.46910286    -11.94489861     42.86346817
   178.00000000      1.71238969    -18.74198532    -14.06652927     35.79239655
   179.00000000      1.66454927    -16.83427620    -10.68151569     44.45469284
   180.00000000      1.61670885    -17.32188606    -10.44918633     42.81915283
   184.00000000      1.47343869    -17.88509750    -12.85305882     35.73400879
   185.00000000      1.43762115    -16.72366714    -10.48374081     44.48492050
   186.00000000      1.40948438    -15.74090004     -9.79015064     42.81701279
   190.00000000      1.29693730    -16.78609657    -11.08938980     35.84138489
   191.00000000      1.26757605    -14.88116169     -8.91715908     44.57729340
   192.00000000      1.23821481    -15.67281723     -9.08575344     42.82369232
   196.00000000      1.12027193    -14.83560276    -10.20936489     35.82294464
   197.00000000      1.09041279    -16.90538025    -10.51217937     44.38267136
   198.00000000      1.06055364    -16.92760277    -10.78843307     42.85530472
   202.00000000      0.94816715    -14.31169701     -8.43499947     35.74035263
   203.00000000      0.92183305    -19.32312965    -12.60319614     44.44047546
   204.00000000      0.89549895    -16.77921104     -9.93304062     42.81296539
   208.00000000      0.80660690    -13.84647560     -8.81844139     35.88006592
   209.00000000      0.78575425    -12.64223766     -7.72871780     44.44900894
   210.00000000      0.76490160    -16.83871460     -9.94197655     42.80984497
   214.00000000      0.70416049    -15.53395939    -10.46311188     35.84148407
   215.00000000      0.68897521    -20.01249886    -12.84941387     44.36927795
   216.00000000      0.67908847    -21.48060417    -12.37927055     42.85493088
   220.00000000      0.63954148    -19.86447144    -13.36211491     35.84382629
   221.00000000      0.63385586    -15.31655216     -9.63009644     44.47720718
   222.00000000      0.62817023    -15.45882607     -8.57586002     42.81742477
   226.00000000      0.60830667    -16.98330879     -9.23932552     35.83356476
   227.00000000      0.60549999    -18.70689774    -10.70785618     44.47750854
   228.00000000      0.60269330    -16.46287537     -8.53346348     42.81016159
   232.00000000      0.59470881    -15.75681305     -7.91856241     35.78923416
   233.00000000      0.59352325    -16.77479362     -9.62843990     44.40259552
   234.00000000      0.59233769    -18.94506073    -10.92456245     42.86826324
   238.00000000      0.58937169    -18.01301003    -10.95399284     35.76461792
   239.00000000      0.58877821    -17.78680801    -10.83182907     44.36559296
